Empiezo....: 10
1037,24
Empiezo....: 10
274,15
Empiezo....: 10
4100,15
Empiezo....: 10
3093,15
Empiezo....: 10
2095,34
Empiezo....: 10
917,27
Empiezo....: 10
732,24
Empiezo....: 10
1082,22
Empiezo....: 10
312,10
Empiezo....: 10
759,23
Empiezo....: 20
5404,116
Empiezo....: 20
5818,133
Empiezo....: 20
3328,181
Empiezo....: 20
3444,106
Empiezo....: 20
7552,92
Empiezo....: 20
4136,207
Empiezo....: 20
10387,47
Empiezo....: 20
3347,98
Empiezo....: 20
4638,190
Empiezo....: 20
7794,105
Empiezo....: 30
7267,180
Empiezo....: 30
8571,502
Empiezo....: 30
10645,345
Empiezo....: 30
11625,142
Empiezo....: 30
10828,124
Empiezo....: 30
11205,161
Empiezo....: 30
13126,136
Empiezo....: 30
14317,167
Empiezo....: 30
10145,138
Empiezo....: 30
8752,339
Empiezo....: 40
12299,390
Empiezo....: 40
13990,306
Empiezo....: 40
15689,322
Empiezo....: 40
10499,576
Empiezo....: 40
17575,555
Empiezo....: 40
15172,307
Empiezo....: 40
16484,549
Empiezo....: 40
12729,309
Empiezo....: 40
8846,305
Empiezo....: 40
16218,325
Empiezo....: 50
17003,593
Empiezo....: 50
17626,597
Empiezo....: 50
15467,744
Empiezo....: 50
18057,757
Empiezo....: 50
16859,598
Empiezo....: 50
21036,778
Empiezo....: 50
19939,759
Empiezo....: 50
15692,589
Empiezo....: 50
14056,775
Empiezo....: 50
18917,594
Empiezo....: 60
21236,1109
Empiezo....: 60
20244,1111
Empiezo....: 60
23611,1152
Empiezo....: 60
18414,1122
Empiezo....: 60
24700,1509
Empiezo....: 60
22667,1156
Empiezo....: 60
19868,1112
Empiezo....: 60
18774,1158
Empiezo....: 60
21680,1153
Empiezo....: 60
24426,1168
Empiezo....: 70
33004,1638
Empiezo....: 70
30244,1627
Empiezo....: 70
28265,1944
Empiezo....: 70
30139,1836
Empiezo....: 70
26668,1612
Empiezo....: 70
27952,1639
Empiezo....: 70
28238,1668
Empiezo....: 70
29877,1693
Empiezo....: 70
24919,1615
Empiezo....: 70
23359,1613
Empiezo....: 80
33985,2763
Empiezo....: 80
37241,2522
Empiezo....: 80
31580,2428
Empiezo....: 80
37264,2421
Empiezo....: 80
31112,2427
Empiezo....: 80
35343,2429
Empiezo....: 80
38127,2716
Empiezo....: 80
31059,2411
Empiezo....: 80
30204,2435
Empiezo....: 80
36737,2407
Empiezo....: 90
59472,5176
Empiezo....: 90
44667,3476
Empiezo....: 90
43067,3450
Empiezo....: 90
39450,3448
Empiezo....: 90
42069,3446
Empiezo....: 90
45989,3445
Empiezo....: 90
49855,4656
Empiezo....: 90
45567,3357
Empiezo....: 90
45310,3447
Empiezo....: 90
43515,3451
Empiezo....: 100
48410,5487
Empiezo....: 100
50114,6565
Empiezo....: 100
58200,6151
Empiezo....: 100
59038,6968
Empiezo....: 100
61063,6475
Empiezo....: 100
52459,4902
Empiezo....: 100
52143,5428
Empiezo....: 100
57695,6432
Empiezo....: 100
50057,6776
Empiezo....: 100
55089,8376
Empiezo....: 200
204098,42434
Empiezo....: 200
256148,44474
Empiezo....: 200
202606,40769
Empiezo....: 200
230841,41782
Empiezo....: 200
215892,43471
Empiezo....: 200
243186,42361
Empiezo....: 200
183231,42190
Empiezo....: 200
199592,41301
Empiezo....: 200
207007,42515
Empiezo....: 200
204832,45387
Empiezo....: 300
292061,154971
Empiezo....: 300
292040,155805
Empiezo....: 300
300383,155831
Empiezo....: 300
290165,155981
Empiezo....: 300
298022,155308
Empiezo....: 300
290076,159064
Empiezo....: 300
297801,157016
Empiezo....: 300
287895,154735
Empiezo....: 300
303017,156695
Empiezo....: 300
300337,157737
Empiezo....: 400
635621,379854
Empiezo....: 400
643166,379498
Empiezo....: 400
638819,383751
Empiezo....: 400
639459,377926
Empiezo....: 400
682301,383349
Empiezo....: 400
634498,383468
Empiezo....: 400
630570,377668
Empiezo....: 400
620804,378176
Empiezo....: 400
638133,379941
Empiezo....: 400
655799,381588
Empiezo....: 500
1035347,874731
Empiezo....: 500
1003948,874422
Empiezo....: 500
1059993,873237
Empiezo....: 500
1138283,878285
Empiezo....: 500
1077445,881438
Empiezo....: 500
977471,874247
Empiezo....: 500
1065820,877899
Empiezo....: 500
1042350,907067
Empiezo....: 500
1005130,888360
Empiezo....: 500
1048690,887152
Empiezo....: 600
1576567,1567738
Empiezo....: 600
1517383,1556816
Empiezo....: 600
1493136,1573306
Empiezo....: 600
1521211,1537312
Empiezo....: 600
1519657,1545232
Empiezo....: 600
1475812,1534361
Empiezo....: 600
1451308,1539996
Empiezo....: 600
1486210,1544743
Empiezo....: 600
1466930,1539019
Empiezo....: 600
1495477,1543652
Empiezo....: 700
1851846,2777817
Empiezo....: 700
1923301,2789477
Empiezo....: 700
1660244,2797466
Empiezo....: 700
1614687,2858737
Empiezo....: 700
1696985,2779100
Empiezo....: 700
1685296,2805082
Empiezo....: 700
1888491,2786309
Empiezo....: 700
1791185,2789137
Empiezo....: 700
1771306,2830623
Empiezo....: 700
1776067,2807795
Empiezo....: 800
2525490,3999003
Empiezo....: 800
2477738,4040535
Empiezo....: 800
2336092,4068308
Empiezo....: 800
2456224,3971281
Empiezo....: 800
2408119,4052721
Empiezo....: 800
2441838,4219282
Empiezo....: 800
2288129,3965843
Empiezo....: 800
2526287,4182096
Empiezo....: 800
2504393,4113834
Empiezo....: 800
2332698,4026910
Empiezo....: 900
2798699,6189305
Empiezo....: 900
2871888,6249440
Empiezo....: 900
2717484,7604988
Empiezo....: 900
2842061,7289012
Empiezo....: 900
2618929,6141466
Empiezo....: 900
2798022,6066621
Empiezo....: 900
2835162,6872528
Empiezo....: 900
2793575,6275019
Empiezo....: 900
2920838,6135721
Empiezo....: 900
2699180,7507421
Empiezo....: 1000
3598771,8836076
Empiezo....: 1000
3357970,8851311
Empiezo....: 1000
3362015,10033231
Empiezo....: 1000
3369574,8861709
Empiezo....: 1000
3341864,8994528
Empiezo....: 1000
3446663,8846551
Empiezo....: 1000
3332105,8788423
Empiezo....: 1000
3467320,8833789
Empiezo....: 1000
3374877,8777052
Empiezo....: 1000
3486296,8810985
Empiezo....: 1500
5490961,49099369
Empiezo....: 1500
5568887,52810840
Empiezo....: 1500
5767584,48561773
Empiezo....: 1500
5698510,46452714
Empiezo....: 1500
5713205,45246361
Empiezo....: 1500
5576318,46087321
Empiezo....: 1500
6061297,40112726
Empiezo....: 1500
6508694,39937063
Empiezo....: 1500
6151798,40413964
Empiezo....: 1500
6759467,39578779
Empiezo....: 2000
13407456,89763794
Empiezo....: 2000
12616380,89792599
Empiezo....: 2000
13239417,89928016
Empiezo....: 2000
13287623,89872917
Empiezo....: 2000
13606555,89547009
Empiezo....: 2000
13389842,89952987
Empiezo....: 2000
12286431,89784484
Empiezo....: 2000
13340476,94738060
Empiezo....: 2000
13271028,89289887
Empiezo....: 2000
13949748,90233194
Empiezo....: 2500
17809991,190717700
Empiezo....: 2500
17191494,190111688
Empiezo....: 2500
17960303,195985477
Empiezo....: 2500
17372450,188375358
Empiezo....: 2500
18172511,187266164
Empiezo....: 2500
17554836,186941143
Empiezo....: 2500
17960436,192661306
Empiezo....: 2500
18403578,191006075
Empiezo....: 2500
19027909,195739761
Empiezo....: 2500
17801958,192060017
Empiezo....: 3000
25559943,335612089
Empiezo....: 3000
26346156,354828945
Empiezo....: 3000
27036962,351989656
Empiezo....: 3000
27368736,352622820
Empiezo....: 3000
26438931,352489709
Empiezo....: 3000
27639802,349337404
Empiezo....: 3000
25938332,341354178
Empiezo....: 3000
26243749,343267186
Empiezo....: 3000
26369110,341062623
Empiezo....: 3000
26449597,344919060
Empiezo....: 3500
42674692,579585430
Empiezo....: 3500
31079977,576557963
Empiezo....: 3500
31428086,573811850
Empiezo....: 3500
32487252,576856154
Empiezo....: 3500
31795113,573481759
Empiezo....: 3500
32376904,576118362
Empiezo....: 3500
